   Eilutes    Baitai       Vidurkis         Min         Max
         1        70         3100.2        3041        3209
         2       123         4358.2        4333        4375
         4       205         6358.2        6083        6542
         8       362        10091.8        9625       10667
        16       996        30566.6       30500       30708
        32      1841        54433.4       54166       54875
        64      3712         107475      104208      109833
       128      9155         301467      295750      305417
       256     20409         542516      503208      617125
       512     47434         899592      828458      919250
       789     75595    1.07133e+06      989292 1.14058e+06
